====================
cycle:1	96	ADDI	R4, R0, #160

registers:
r00:	0	0	0	0	160	0	0	0
r08:	0	0	0	0	0	0	0	0
r16:	0	0	0	0	0	0	0	0
r24:	0	0	0	0	0	0	0	0

data:


====================
cycle:2	100	ADDI	R0, R0, #10

registers:
r00:	10	0	0	0	160	0	0	0
r08:	0	0	0	0	0	0	0	0
r16:	0	0	0	0	0	0	0	0
r24:	0	0	0	0	0	0	0	0

data:


====================
cycle:3	104	ADDI	R2, R0, #1

registers:
r00:	10	0	11	0	160	0	0	0
r08:	0	0	0	0	0	0	0	0
r16:	0	0	0	0	0	0	0	0
r24:	0	0	0	0	0	0	0	0

data:


====================
cycle:4	108	STUR	R2, [R4, #1]

registers:
r00:	10	0	11	0	160	0	0	0
r08:	0	0	0	0	0	0	0	0
r16:	0	0	0	0	0	0	0	0
r24:	0	0	0	0	0	0	0	0

data:
120:0	0	0	0	0	0	0	0
152:0	0	0	11	0	0	0	0
====================
cycle:5	112	LDUR	R1, [R4, #1]

registers:
r00:	10	11	11	0	160	0	0	0
r08:	0	0	0	0	0	0	0	0
r16:	0	0	0	0	0	0	0	0
r24:	0	0	0	0	0	0	0	0

data:
120:0	0	0	0	0	0	0	0
152:0	0	0	11	0	0	0	0
====================
cycle:6	116	BREAK

registers:
r00:	10	11	11	0	160	0	0	0
r08:	0	0	0	0	0	0	0	0
r16:	0	0	0	0	0	0	0	0
r24:	0	0	0	0	0	0	0	0

data:
120:0	0	0	0	0	0	0	0
152:0	0	0	11	0	0	0	0
